           1  0.6250000    
           2  0.3125000    
           3  0.2500000    
           4  0.4375000    
           5  0.8750000    
           6  0.5625000    
           7  0.5000000    
           8  0.6875000    
           9  0.1250000    
          10  0.8125000    
          11  0.7500000    
          12  0.9375000    
          13  0.3750000    
          14  6.2500000E-02
          15  0.0000000E+00
          16  0.1875000    
          17  0.6250000    
          18  0.3125000    
          19  0.2500000    
          20  0.4375000    
          21  0.8750000    
          22  0.5625000    
          23  0.5000000    
          24  0.6875000    
          25  0.1250000    
          26  0.8125000    
          27  0.7500000    
          28  0.9375000    
          29  0.3750000    
          30  6.2500000E-02
          31  0.0000000E+00
          32  0.1875000    
